{
 "cells": [
  {
   "cell_type": "code",
   "execution_count": 1,
   "id": "685d23a7",
   "metadata": {},
   "outputs": [
    {
     "name": "stdout",
     "output_type": "stream",
     "text": [
      "Jupyter environment detected. Enabling Open3D WebVisualizer.\n",
      "[Open3D INFO] WebRTC GUI backend enabled.\n",
      "[Open3D INFO] WebRTCWindowSystem: HTTP handshake server disabled.\n"
     ]
    }
   ],
   "source": [
    "import numpy as np\n",
    "import open3d as o3d\n",
    "import copy\n",
    "import csv\n",
    "from matplotlib import pyplot as plt\n",
    "from open3d import visualization"
   ]
  },
  {
   "cell_type": "code",
   "execution_count": 8,
   "id": "3838416f",
   "metadata": {},
   "outputs": [],
   "source": [
    "#FOR TUM DATASET\n",
    "x = [] #dvs pixel x in mm\n",
    "y = [] #dvs pixel y in mm\n",
    "depth = [] #depth from depth sensor\n",
    "time_stamp = [] \n",
    "x_pixel = [] #dvs pixel x in mm\n",
    "y_pixel = [] #dvs pixel y \n",
    "\n",
    "\n",
    "#events.tsv: A TSV file where each row corresponds to one event.\n",
    "# Provided data is: PrimeSense image coordinates (x,y), PrimeSense depth measurement,\n",
    "# EDVS image coordinates (x,y), Timestamp (in microsenconds), EDVS parity flag\n",
    "\n",
    "with open('/home/bru/Dev/DATA/scn2c_take01/take01/events.csv', encoding=\"Latin-1\") as csvfile:  #change this according to your file \n",
    "    reader = list(csv.reader(csvfile))\n",
    "    \n",
    "#DVS = []\n",
    "num_events = len(reader)\n",
    "num_events_batch = 6000 \n",
    "import pandas as pd\n",
    "\n",
    "for i in range(0,num_events):\n",
    "    depth.append((reader[i][2]))\n",
    "    x.append(((int(reader[i][3])/128)-0.5)*1000) # convert x_pixels to x in millimeters (according to camera intrinsics of DAVIS128) K = [128, 0, 64; 0, 128, 64; 0, 0, 1]\n",
    "    y.append(((int(reader[i][4])/128)-0.5)*1000) # convert y_pixels to y in millimeters\n",
    "    x_pixel.append(int(reader[i][3])) \n",
    "    y_pixel.append(int(reader[i][4]))\n",
    "    time_stamp.append((reader[i][5]))\n",
    "    "
   ]
  },
  {
   "cell_type": "code",
   "execution_count": 9,
   "id": "d4eab2bf",
   "metadata": {},
   "outputs": [],
   "source": [
    "def is_identity_matrix(matrix):\n",
    "    return np.allclose(matrix, np.eye(matrix.shape[0]))\n",
    "\n",
    "def get_transformation_matrix(source, target, threshold = 1.0):\n",
    "    reg_p2p = o3d.pipelines.registration.registration_icp(\n",
    "        source, target, max_correspondence_distance, trans_init,\n",
    "        o3d.pipelines.registration.TransformationEstimationPointToPoint(),\n",
    "        o3d.pipelines.registration.ICPConvergenceCriteria(max_iteration=3000))\n",
    "    return reg_p2p #.transformation\n",
    "   \n"
   ]
  },
  {
   "cell_type": "code",
   "execution_count": 10,
   "id": "98390f3e",
   "metadata": {},
   "outputs": [
    {
     "name": "stdout",
     "output_type": "stream",
     "text": [
      "Non-identity transformation from frame 0 to 1: \n",
      "[[ 9.99995665e-01  9.12625515e-04  2.79965908e-03 -4.25961264e+00]\n",
      " [-9.03512594e-04  9.99994296e-01 -3.25455065e-03 -3.71866376e+00]\n",
      " [-2.80261329e-03  3.25200701e-03  9.99990785e-01 -7.32764798e+00]\n",
      " [ 0.00000000e+00  0.00000000e+00  0.00000000e+00  1.00000000e+00]]\n",
      "Non-identity transformation from frame 1 to 2: \n",
      "[[ 9.99998192e-01 -9.52997916e-04 -1.64553944e-03  3.58309331e+00]\n",
      " [ 9.50695878e-04  9.99998569e-01 -1.39917211e-03  2.97538419e-01]\n",
      " [ 1.64687049e-03  1.39760517e-03  9.99997667e-01 -9.06939476e+00]\n",
      " [ 0.00000000e+00  0.00000000e+00  0.00000000e+00  1.00000000e+00]]\n",
      "Non-identity transformation from frame 2 to 3: \n",
      "[[ 9.99997122e-01  2.14503118e-03  1.07460883e-03 -4.77558266e+00]\n",
      " [-2.14314824e-03  9.99996172e-01 -1.75030551e-03 -3.55262520e+00]\n",
      " [-1.07835918e-03  1.74799743e-03  9.99997891e-01 -7.68169297e+00]\n",
      " [ 0.00000000e+00  0.00000000e+00  0.00000000e+00  1.00000000e+00]]\n",
      "Non-identity transformation from frame 3 to 4: \n",
      "[[ 9.99975428e-01  2.37978935e-04  7.00624459e-03 -8.67041940e+00]\n",
      " [-1.99012125e-04  9.99984513e-01 -5.56189760e-03  1.74540959e+01]\n",
      " [-7.00745969e-03  5.56036661e-03  9.99959988e-01 -2.70444510e+01]\n",
      " [ 0.00000000e+00  0.00000000e+00  0.00000000e+00  1.00000000e+00]]\n",
      "Non-identity transformation from frame 4 to 5: \n",
      "[[ 9.99980701e-01  3.99280310e-03  4.75975167e-03 -1.27278298e+00]\n",
      " [-3.95604788e-03  9.99962478e-01 -7.70665251e-03  2.50609095e+01]\n",
      " [-4.79034422e-03  7.68767397e-03  9.99958975e-01 -3.23119239e+01]\n",
      " [ 0.00000000e+00  0.00000000e+00  0.00000000e+00  1.00000000e+00]]\n",
      "Non-identity transformation from frame 5 to 6: \n",
      "[[ 9.99923505e-01  1.20620197e-02  2.73723123e-03 -6.84261208e+00]\n",
      " [-1.20434062e-02  9.99904910e-01 -6.71767944e-03  2.45106316e+01]\n",
      " [-2.81799973e-03  6.68419998e-03  9.99973690e-01 -3.68488687e+01]\n",
      " [ 0.00000000e+00  0.00000000e+00  0.00000000e+00  1.00000000e+00]]\n",
      "Non-identity transformation from frame 6 to 7: \n",
      "[[ 9.99970542e-01  6.10026687e-03  4.65854625e-03 -1.56624300e+01]\n",
      " [-6.06526549e-03  9.99953548e-01 -7.49089414e-03  2.19915936e+01]\n",
      " [-4.70402631e-03  7.46241815e-03  9.99961091e-01 -3.01673705e+01]\n",
      " [ 0.00000000e+00  0.00000000e+00  0.00000000e+00  1.00000000e+00]]\n",
      "Non-identity transformation from frame 7 to 8: \n",
      "[[ 9.99968971e-01 -9.17298168e-04  7.82400399e-03 -1.35599866e+01]\n",
      " [ 9.87629290e-04  9.99959101e-01 -8.99002536e-03  2.78170809e+01]\n",
      " [-7.81543746e-03  8.99747363e-03  9.99928980e-01 -2.49245170e+01]\n",
      " [ 0.00000000e+00  0.00000000e+00  0.00000000e+00  1.00000000e+00]]\n",
      "Non-identity transformation from frame 8 to 9: \n",
      "[[ 9.99991564e-01 -3.27266696e-03  2.48226661e-03 -1.40790616e+00]\n",
      " [ 3.29028346e-03  9.99969194e-01 -7.12637507e-03  2.27018299e+01]\n",
      " [-2.45886789e-03  7.13448232e-03  9.99971526e-01 -3.40258144e+01]\n",
      " [ 0.00000000e+00  0.00000000e+00  0.00000000e+00  1.00000000e+00]]\n",
      "Non-identity transformation from frame 9 to 10: \n",
      "[[ 9.99988636e-01 -4.03173489e-03  2.54418346e-03  4.24340802e+00]\n",
      " [ 4.04987461e-03  9.99966127e-01 -7.16546807e-03  1.88614233e+01]\n",
      " [-2.51520801e-03  7.17569026e-03  9.99971091e-01 -3.26553462e+01]\n",
      " [ 0.00000000e+00  0.00000000e+00  0.00000000e+00  1.00000000e+00]]\n",
      "Non-identity transformation from frame 10 to 11: \n",
      "[[ 9.99985860e-01 -3.39341650e-03  4.09444209e-03 -2.39200738e+00]\n",
      " [ 3.42554358e-03  9.99963202e-01 -7.86517861e-03  2.43139459e+01]\n",
      " [-4.06760160e-03  7.87909309e-03  9.99960686e-01 -4.37041879e+01]\n",
      " [ 0.00000000e+00  0.00000000e+00  0.00000000e+00  1.00000000e+00]]\n",
      "Non-identity transformation from frame 11 to 12: \n",
      "[[ 9.99997718e-01  1.05267826e-04  2.13368944e-03 -1.54264330e+00]\n",
      " [-8.46309028e-05  9.99953244e-01 -9.66972714e-03  2.65620909e+01]\n",
      " [-2.13460759e-03  9.66952450e-03  9.99950971e-01 -3.50447361e+01]\n",
      " [ 0.00000000e+00  0.00000000e+00  0.00000000e+00  1.00000000e+00]]\n",
      "Non-identity transformation from frame 12 to 13: \n",
      "[[ 9.99995361e-01  2.98712012e-03  5.96159947e-04  6.48011052e+00]\n",
      " [-2.98153078e-03  9.99953546e-01 -9.16601973e-03  2.44514965e+01]\n",
      " [-6.23512255e-04  9.16419973e-03  9.99957813e-01 -3.31920365e+01]\n",
      " [ 0.00000000e+00  0.00000000e+00  0.00000000e+00  1.00000000e+00]]\n",
      "Non-identity transformation from frame 13 to 14: \n",
      "[[ 9.99999220e-01  1.09115105e-03 -6.08467467e-04  5.34061950e+00]\n",
      " [-1.09829041e-03  9.99929075e-01 -1.18591235e-02  2.86706176e+01]\n",
      " [ 5.95484217e-04  1.18597825e-02  9.99929493e-01 -4.66745539e+01]\n",
      " [ 0.00000000e+00  0.00000000e+00  0.00000000e+00  1.00000000e+00]]\n",
      "Non-identity transformation from frame 14 to 15: \n",
      "[[ 9.99997370e-01  2.29219777e-03 -7.81121192e-05  1.85214249e+00]\n",
      " [-2.29285267e-03  9.99949443e-01 -9.79055568e-03  2.31101040e+01]\n",
      " [ 5.56662802e-05  9.79070903e-03  9.99952068e-01 -3.12393285e+01]\n",
      " [ 0.00000000e+00  0.00000000e+00  0.00000000e+00  1.00000000e+00]]\n",
      "Non-identity transformation from frame 15 to 16: \n",
      "[[ 9.99998794e-01  1.51847309e-03 -3.26813980e-04  4.06271540e-01]\n",
      " [-1.51986318e-03  9.99989617e-01 -4.29608238e-03  2.23339099e+01]\n",
      " [ 3.20287101e-04  4.29657391e-03  9.99990718e-01 -1.58226141e+01]\n",
      " [ 0.00000000e+00  0.00000000e+00  0.00000000e+00  1.00000000e+00]]\n",
      "Non-identity transformation from frame 16 to 17: \n",
      "[[ 9.99985457e-01  3.76487349e-03 -3.86161253e-03  4.06604550e+00]\n",
      " [-3.78363908e-03  9.99981014e-01 -4.86378318e-03  2.60236856e+01]\n",
      " [ 3.84322768e-03  4.87832340e-03  9.99980716e-01 -1.68014222e+01]\n",
      " [ 0.00000000e+00  0.00000000e+00  0.00000000e+00  1.00000000e+00]]\n",
      "Non-identity transformation from frame 17 to 18: \n",
      "[[ 9.99999195e-01 -1.26864815e-03  1.01402557e-05  1.01541246e+00]\n",
      " [ 1.26867077e-03  9.99995604e-01 -2.68017883e-03  1.94959800e+01]\n",
      " [-6.74000721e-06  2.68018954e-03  9.99996408e-01 -1.85985634e+01]\n",
      " [ 0.00000000e+00  0.00000000e+00  0.00000000e+00  1.00000000e+00]]\n",
      "Non-identity transformation from frame 18 to 19: \n",
      "[[ 9.99993427e-01 -2.80289430e-03  2.29995680e-03  5.60970253e+00]\n",
      " [ 2.81669212e-03  9.99977925e-01 -6.01801713e-03  1.22340001e+01]\n",
      " [-2.28303816e-03  6.02445584e-03  9.99979247e-01 -3.73550419e+01]\n",
      " [ 0.00000000e+00  0.00000000e+00  0.00000000e+00  1.00000000e+00]]\n",
      "Non-identity transformation from frame 19 to 20: \n",
      "[[ 9.99998806e-01 -6.81321726e-05 -1.54362640e-03  8.35238299e+00]\n",
      " [ 6.00864260e-05  9.99986417e-01 -5.21168393e-03 -5.30792481e+00]\n",
      " [ 1.54396052e-03  5.21158496e-03  9.99985228e-01 -3.23779634e+01]\n",
      " [ 0.00000000e+00  0.00000000e+00  0.00000000e+00  1.00000000e+00]]\n",
      "Non-identity transformation from frame 20 to 21: \n",
      "[[ 9.99996343e-01  1.66353877e-04  2.69932526e-03  5.82347259e+00]\n",
      " [-1.42399115e-04  9.99960632e-01 -8.87211882e-03  2.27310502e+01]\n",
      " [-2.70069490e-03  8.87170199e-03  9.99956999e-01 -2.90690581e+01]\n",
      " [ 0.00000000e+00  0.00000000e+00  0.00000000e+00  1.00000000e+00]]\n",
      "Non-identity transformation from frame 21 to 22: \n",
      "[[ 9.99989216e-01 -4.14696869e-03  2.09045731e-03  7.58929234e+00]\n",
      " [ 4.15176418e-03  9.99988748e-01 -2.29489189e-03  1.61943173e+01]\n",
      " [-2.08091695e-03  2.30354622e-03  9.99995182e-01 -1.26755446e+01]\n",
      " [ 0.00000000e+00  0.00000000e+00  0.00000000e+00  1.00000000e+00]]\n",
      "Non-identity transformation from frame 22 to 23: \n",
      "[[ 9.99968514e-01 -4.68638234e-03  6.40382060e-03  1.13737175e+00]\n",
      " [ 4.69265323e-03  9.99988524e-01 -9.64567490e-04  1.56491674e+01]\n",
      " [-6.39922678e-03  9.94588029e-04  9.99979030e-01 -7.53620028e+00]\n",
      " [ 0.00000000e+00  0.00000000e+00  0.00000000e+00  1.00000000e+00]]\n",
      "Non-identity transformation from frame 23 to 24: \n",
      "[[ 9.99822023e-01 -1.78564965e-02  6.08830665e-03 -2.90833740e+00]\n",
      " [ 1.79070205e-02  9.99804810e-01 -8.34754312e-03  2.62883023e+01]\n",
      " [-5.93806040e-03  8.45508088e-03  9.99946624e-01 -1.76533148e+01]\n",
      " [ 0.00000000e+00  0.00000000e+00  0.00000000e+00  1.00000000e+00]]\n",
      "Non-identity transformation from frame 24 to 25: \n",
      "[[ 9.99874961e-01 -1.52980823e-02  4.00391148e-03  5.38964440e+00]\n",
      " [ 1.53140563e-02  9.99874773e-01 -3.98982326e-03  8.34284770e+00]\n",
      " [-3.94237344e-03  4.05064050e-03  9.99984025e-01 -1.57583602e+01]\n",
      " [ 0.00000000e+00  0.00000000e+00  0.00000000e+00  1.00000000e+00]]\n",
      "Non-identity transformation from frame 25 to 26: \n",
      "[[ 9.99857369e-01 -1.65885584e-02 -3.17206735e-03  1.91337126e+01]\n",
      " [ 1.65728327e-02  9.99850550e-01 -4.92119467e-03  1.12661678e+01]\n",
      " [ 3.25322881e-03  4.86792261e-03  9.99982860e-01 -9.28098969e+00]\n",
      " [ 0.00000000e+00  0.00000000e+00  0.00000000e+00  1.00000000e+00]]\n"
     ]
    },
    {
     "name": "stdout",
     "output_type": "stream",
     "text": [
      "Non-identity transformation from frame 26 to 27: \n",
      "[[ 9.99985610e-01 -4.46898609e-03  2.96781229e-03  5.58572764e+00]\n",
      " [ 4.47812566e-03  9.99985230e-01 -3.08009195e-03  1.83667138e+01]\n",
      " [-2.95400357e-03  3.09333786e-03  9.99990853e-01 -2.92250464e+00]\n",
      " [ 0.00000000e+00  0.00000000e+00  0.00000000e+00  1.00000000e+00]]\n",
      "Non-identity transformation from frame 27 to 28: \n",
      "[[ 9.99868330e-01 -1.54364967e-02  5.00373936e-03 -6.26507726e+00]\n",
      " [ 1.54698449e-02  9.99857914e-01 -6.69589670e-03  2.31965146e+01]\n",
      " [-4.89966721e-03  6.77242212e-03  9.99965063e-01  4.03707960e-01]\n",
      " [ 0.00000000e+00  0.00000000e+00  0.00000000e+00  1.00000000e+00]]\n",
      "Non-identity transformation from frame 28 to 29: \n",
      "[[ 9.99948550e-01 -8.13680987e-03  6.05723236e-03 -3.29720594e+00]\n",
      " [ 8.19198803e-03  9.99924663e-01 -9.14108652e-03  2.20003903e+01]\n",
      " [-5.98239674e-03  9.19023698e-03  9.99939873e-01 -4.18737379e+00]\n",
      " [ 0.00000000e+00  0.00000000e+00  0.00000000e+00  1.00000000e+00]]\n",
      "Non-identity transformation from frame 29 to 30: \n",
      "[[ 9.99987077e-01 -2.94635485e-03  4.14313626e-03 -4.54823114e+00]\n",
      " [ 2.95936167e-03  9.99990701e-01 -3.13674723e-03  1.88206556e+01]\n",
      " [-4.13385577e-03  3.14896774e-03  9.99986498e-01 -1.46125484e+00]\n",
      " [ 0.00000000e+00  0.00000000e+00  0.00000000e+00  1.00000000e+00]]\n",
      "Non-identity transformation from frame 30 to 31: \n",
      "[[ 9.99906572e-01 -1.22170569e-02  6.13119942e-03 -8.89128310e+00]\n",
      " [ 1.22376603e-02  9.99919558e-01 -3.33423198e-03  1.19689844e+01]\n",
      " [-6.08997172e-03  3.40895200e-03  9.99975645e-01 -5.21466018e+00]\n",
      " [ 0.00000000e+00  0.00000000e+00  0.00000000e+00  1.00000000e+00]]\n",
      "Non-identity transformation from frame 31 to 32: \n",
      "[[ 9.99972959e-01 -6.17376680e-03  3.99569621e-03 -9.69223023e+00]\n",
      " [ 6.18954049e-03  9.99973053e-01 -3.94741948e-03  1.14662919e+01]\n",
      " [-3.97121809e-03  3.97204426e-03  9.99984226e-01 -6.06134395e+00]\n",
      " [ 0.00000000e+00  0.00000000e+00  0.00000000e+00  1.00000000e+00]]\n",
      "Non-identity transformation from frame 32 to 33: \n",
      "[[ 9.99871071e-01 -1.45788431e-02  6.73046172e-03 -6.98509030e+00]\n",
      " [ 1.46506904e-02  9.99834862e-01 -1.07519999e-02  1.63613357e+01]\n",
      " [-6.57259855e-03  1.08492195e-02  9.99919544e-01 -2.03441817e+01]\n",
      " [ 0.00000000e+00  0.00000000e+00  0.00000000e+00  1.00000000e+00]]\n",
      "Non-identity transformation from frame 33 to 34: \n",
      "[[ 9.99965879e-01 -4.89368878e-03  6.65520147e-03 -6.14396024e+00]\n",
      " [ 4.94274884e-03  9.99960586e-01 -7.37532725e-03  2.09316483e+01]\n",
      " [-6.61884660e-03  7.40797059e-03  9.99950655e-01 -8.59792722e+00]\n",
      " [ 0.00000000e+00  0.00000000e+00  0.00000000e+00  1.00000000e+00]]\n",
      "Non-identity transformation from frame 34 to 35: \n",
      "[[ 9.99997474e-01 -1.03131645e-03  1.99691780e-03 -3.74384376e+00]\n",
      " [ 1.03734099e-03  9.99994907e-01 -3.01823477e-03  1.92814544e+01]\n",
      " [-1.99379488e-03  3.02029863e-03  9.99993451e-01 -6.00593056e+00]\n",
      " [ 0.00000000e+00  0.00000000e+00  0.00000000e+00  1.00000000e+00]]\n",
      "Non-identity transformation from frame 35 to 36: \n",
      "[[ 9.99992073e-01 -1.01280644e-03  3.85075792e-03 -1.31183149e+01]\n",
      " [ 1.01928782e-03  9.99998067e-01 -1.68155457e-03  1.87920753e+01]\n",
      " [-3.84904739e-03  1.68546627e-03  9.99991172e-01 -4.42753608e+00]\n",
      " [ 0.00000000e+00  0.00000000e+00  0.00000000e+00  1.00000000e+00]]\n",
      "Non-identity transformation from frame 36 to 37: \n",
      "[[ 9.99976074e-01 -3.99866766e-03  5.64462669e-03 -2.03310497e+01]\n",
      " [ 4.01902785e-03  9.99985443e-01 -3.60027965e-03  1.85316940e+01]\n",
      " [-5.63014819e-03  3.62287942e-03  9.99977588e-01 -3.28205982e+00]\n",
      " [ 0.00000000e+00  0.00000000e+00  0.00000000e+00  1.00000000e+00]]\n",
      "Non-identity transformation from frame 37 to 38: \n",
      "[[ 9.99976509e-01 -2.96529205e-03  6.17961763e-03 -2.96133636e+01]\n",
      " [ 2.99719591e-03  9.99982196e-01 -5.15990768e-03  6.60879446e+00]\n",
      " [-6.16420697e-03  5.17830799e-03  9.99967593e-01 -7.62629467e-01]\n",
      " [ 0.00000000e+00  0.00000000e+00  0.00000000e+00  1.00000000e+00]]\n",
      "Non-identity transformation from frame 38 to 39: \n",
      "[[ 9.99878186e-01 -1.25116881e-02  9.33112559e-03 -3.78539542e+01]\n",
      " [ 1.25153465e-02  9.99921624e-01 -3.33777092e-04  5.33333584e+00]\n",
      " [-9.32621814e-03  4.50518704e-04  9.99956408e-01  3.01302072e+00]\n",
      " [ 0.00000000e+00  0.00000000e+00  0.00000000e+00  1.00000000e+00]]\n",
      "Non-identity transformation from frame 39 to 40: \n",
      "[[ 9.99619604e-01 -2.14136920e-02  1.73810426e-02 -4.67493529e+01]\n",
      " [ 2.13834705e-02  9.99769499e-01  1.92277282e-03 -2.72282076e+00]\n",
      " [-1.74182099e-02 -1.55037439e-03  9.99847089e-01  1.35512249e+01]\n",
      " [ 0.00000000e+00  0.00000000e+00  0.00000000e+00  1.00000000e+00]]\n",
      "Non-identity transformation from frame 40 to 41: \n",
      "[[ 9.99667205e-01 -2.26948487e-02  1.22647293e-02 -4.01469564e+01]\n",
      " [ 2.26695037e-02  9.99740590e-01  2.20159693e-03 -4.04381153e+00]\n",
      " [-1.23115126e-02 -1.92282892e-03  9.99922362e-01  1.25773321e+01]\n",
      " [ 0.00000000e+00  0.00000000e+00  0.00000000e+00  1.00000000e+00]]\n",
      "Non-identity transformation from frame 41 to 42: \n",
      "[[ 9.99889064e-01 -1.37497583e-02  5.72742906e-03 -3.31991658e+01]\n",
      " [ 1.37495178e-02  9.99905468e-01  8.13696266e-05 -5.11806417e+00]\n",
      " [-5.72800644e-03 -2.61121200e-06  9.99983595e-01  6.93150173e+00]\n",
      " [ 0.00000000e+00  0.00000000e+00  0.00000000e+00  1.00000000e+00]]\n",
      "Non-identity transformation from frame 42 to 43: \n",
      "[[ 9.99967552e-01 -6.19340364e-03  5.15132805e-03 -2.77640400e+01]\n",
      " [ 6.19994677e-03  9.99979992e-01 -1.25518457e-03 -7.36157157e+00]\n",
      " [-5.14345112e-03  1.28708180e-03  9.99985944e-01  4.41049524e+00]\n",
      " [ 0.00000000e+00  0.00000000e+00  0.00000000e+00  1.00000000e+00]]\n",
      "Non-identity transformation from frame 43 to 44: \n",
      "[[ 9.99921192e-01 -9.18808456e-03  8.55501483e-03 -3.68424470e+01]\n",
      " [ 9.17937822e-03  9.99957311e-01  1.05639971e-03 -4.80015076e+00]\n",
      " [-8.56435591e-03 -9.77786745e-04  9.99962847e-01  8.98959708e+00]\n",
      " [ 0.00000000e+00  0.00000000e+00  0.00000000e+00  1.00000000e+00]]\n",
      "Non-identity transformation from frame 44 to 45: \n",
      "[[ 9.99731389e-01 -1.76534196e-02  1.50168876e-02 -4.61166319e+01]\n",
      " [ 1.76125091e-02  9.99840820e-01  2.85221398e-03 -6.53882150e+00]\n",
      " [-1.50648485e-02 -2.58696277e-03  9.99883172e-01  2.01398583e+01]\n",
      " [ 0.00000000e+00  0.00000000e+00  0.00000000e+00  1.00000000e+00]]\n",
      "Non-identity transformation from frame 45 to 46: \n",
      "[[ 9.99828148e-01 -1.44227090e-02  1.16473371e-02 -3.71004111e+01]\n",
      " [ 1.43953828e-02  9.99893437e-01  2.42657473e-03 -1.00392315e+01]\n",
      " [-1.16810937e-02 -2.25848984e-03  9.99929223e-01  1.25140849e+01]\n",
      " [ 0.00000000e+00  0.00000000e+00  0.00000000e+00  1.00000000e+00]]\n",
      "Non-identity transformation from frame 46 to 47: \n",
      "[[ 9.99906123e-01 -1.06323598e-02  8.64281473e-03 -3.75014808e+01]\n",
      " [ 1.06316017e-02  9.99943474e-01  1.33656966e-04  4.19489190e+00]\n",
      " [-8.64374727e-03 -4.17574547e-05  9.99962641e-01  4.22356504e+00]\n",
      " [ 0.00000000e+00  0.00000000e+00  0.00000000e+00  1.00000000e+00]]\n",
      "Non-identity transformation from frame 47 to 48: \n",
      "[[ 9.99962723e-01 -4.54238860e-03  7.34300609e-03 -3.01988232e+01]\n",
      " [ 4.53558518e-03  9.99989270e-01  9.42904302e-04  5.57568342e+00]\n",
      " [-7.34721033e-03 -9.09564323e-04  9.99972595e-01 -2.67311245e+00]\n",
      " [ 0.00000000e+00  0.00000000e+00  0.00000000e+00  1.00000000e+00]]\n",
      "Non-identity transformation from frame 48 to 49: \n",
      "[[ 9.99907144e-01 -3.54625269e-03  1.31577870e-02 -4.31506330e+01]\n",
      " [ 3.58255275e-03  9.99989839e-01 -2.73628288e-03  9.09200842e+00]\n",
      " [-1.31479497e-02  2.78316726e-03  9.99909689e-01 -1.20047624e+01]\n",
      " [ 0.00000000e+00  0.00000000e+00  0.00000000e+00  1.00000000e+00]]\n",
      "Non-identity transformation from frame 49 to 50: \n",
      "[[ 9.99914576e-01 -9.74214789e-03  8.71386001e-03 -3.04964477e+01]\n",
      " [ 9.76446822e-03  9.99949145e-01 -2.52260801e-03  5.87975685e+00]\n",
      " [-8.68884124e-03  2.60747873e-03  9.99958852e-01 -9.19123713e+00]\n",
      " [ 0.00000000e+00  0.00000000e+00  0.00000000e+00  1.00000000e+00]]\n",
      "Non-identity transformation from frame 50 to 51: \n",
      "[[ 9.99941603e-01 -3.34388385e-03  1.02765856e-02 -3.10183396e+01]\n",
      " [ 3.40925285e-03  9.99974027e-01 -6.35004340e-03  4.60685745e+00]\n",
      " [-1.02550849e-02  6.38470806e-03  9.99927032e-01 -1.48029226e+01]\n",
      " [ 0.00000000e+00  0.00000000e+00  0.00000000e+00  1.00000000e+00]]\n",
      "Non-identity transformation from frame 51 to 52: \n",
      "[[ 9.99998242e-01 -1.49414731e-03  1.13315488e-03 -1.48405625e+00]\n",
      " [ 1.49775554e-03  9.99993790e-01 -3.19009550e-03 -2.27540060e+01]\n",
      " [-1.12838137e-03  3.19178708e-03  9.99994270e-01 -1.91026790e+00]\n",
      " [ 0.00000000e+00  0.00000000e+00  0.00000000e+00  1.00000000e+00]]\n",
      "Non-identity transformation from frame 52 to 53: \n",
      "[[ 9.99999204e-01  3.64674173e-04  1.20825577e-03 -2.54124713e+00]\n",
      " [-3.58581775e-04  9.99987241e-01 -5.03869368e-03 -1.36896498e+01]\n",
      " [-1.21007783e-03  5.03825641e-03  9.99986576e-01 -1.94082165e+00]\n",
      " [ 0.00000000e+00  0.00000000e+00  0.00000000e+00  1.00000000e+00]]\n"
     ]
    },
    {
     "name": "stdout",
     "output_type": "stream",
     "text": [
      "Non-identity transformation from frame 53 to 54: \n",
      "[[ 9.99990517e-01 -2.44759268e-03  3.60204955e-03 -1.33713951e+01]\n",
      " [ 2.45780233e-03  9.99992967e-01 -2.83270890e-03 -1.39646556e+01]\n",
      " [-3.59509091e-03  2.84153517e-03  9.99989500e-01 -4.19585949e+00]\n",
      " [ 0.00000000e+00  0.00000000e+00  0.00000000e+00  1.00000000e+00]]\n",
      "Non-identity transformation from frame 54 to 55: \n",
      "[[ 9.99990839e-01 -3.07644272e-03  2.97620494e-03 -1.02225006e+01]\n",
      " [ 3.08159085e-03  9.99993761e-01 -1.72672598e-03 -1.61926118e+01]\n",
      " [-2.97087420e-03  1.73588160e-03  9.99994080e-01 -2.94062844e-01]\n",
      " [ 0.00000000e+00  0.00000000e+00  0.00000000e+00  1.00000000e+00]]\n",
      "Non-identity transformation from frame 55 to 56: \n",
      "[[ 9.99979767e-01 -5.36449966e-03  3.41870479e-03 -1.09113921e+01]\n",
      " [ 5.36298040e-03  9.99985516e-01  4.53410458e-04 -1.63911980e+01]\n",
      " [-3.42108760e-03 -4.35066837e-04  9.99994053e-01  2.05157642e+00]\n",
      " [ 0.00000000e+00  0.00000000e+00  0.00000000e+00  1.00000000e+00]]\n",
      "Non-identity transformation from frame 56 to 57: \n",
      "[[ 9.99887321e-01 -1.40349960e-02  5.32585494e-03 -1.63382334e+01]\n",
      " [ 1.40304698e-02  9.99901175e-01  8.86271493e-04 -1.44967431e+01]\n",
      " [-5.33776743e-03 -8.11447382e-04  9.99985425e-01  3.73111405e+00]\n",
      " [ 0.00000000e+00  0.00000000e+00  0.00000000e+00  1.00000000e+00]]\n",
      "Non-identity transformation from frame 57 to 58: \n",
      "[[ 9.99974224e-01 -5.36792761e-03  4.76830361e-03 -1.89904278e+01]\n",
      " [ 5.36475923e-03  9.99985380e-01  6.77009204e-04 -1.65387605e+01]\n",
      " [-4.77186804e-03 -6.51410952e-04  9.99988402e-01  2.13758577e+00]\n",
      " [ 0.00000000e+00  0.00000000e+00  0.00000000e+00  1.00000000e+00]]\n",
      "Non-identity transformation from frame 58 to 59: \n",
      "[[ 9.99989073e-01 -4.00644172e-03  2.40897889e-03 -1.74932766e+01]\n",
      " [ 4.00280117e-03  9.99990842e-01  1.51416637e-03 -1.82791594e+01]\n",
      " [-2.41502325e-03 -1.50450716e-03  9.99995952e-01  7.80621200e-01]\n",
      " [ 0.00000000e+00  0.00000000e+00  0.00000000e+00  1.00000000e+00]]\n",
      "Non-identity transformation from frame 59 to 60: \n",
      "[[ 9.99956890e-01 -8.94864794e-03  2.47806336e-03 -2.54685869e+01]\n",
      " [ 8.94535759e-03  9.99959097e-01  1.33570713e-03 -1.48041471e+01]\n",
      " [-2.48991478e-03 -1.31348238e-03  9.99996038e-01  2.68868921e+00]\n",
      " [ 0.00000000e+00  0.00000000e+00  0.00000000e+00  1.00000000e+00]]\n",
      "Non-identity transformation from frame 60 to 61: \n",
      "[[ 9.99941440e-01 -1.02657688e-02  3.42485196e-03 -2.23753653e+01]\n",
      " [ 1.02584561e-02  9.99945078e-01  2.14596641e-03 -1.60704039e+01]\n",
      " [-3.44669385e-03 -2.11070705e-03  9.99991833e-01  1.25002001e+00]\n",
      " [ 0.00000000e+00  0.00000000e+00  0.00000000e+00  1.00000000e+00]]\n",
      "Non-identity transformation from frame 61 to 62: \n",
      "[[ 9.99977564e-01 -4.19400486e-03  5.22317051e-03 -2.84403335e+01]\n",
      " [ 4.18384960e-03  9.99989339e-01  1.95368235e-03 -1.77859468e+01]\n",
      " [-5.23130858e-03 -1.93178556e-03  9.99984451e-01  4.01639625e+00]\n",
      " [ 0.00000000e+00  0.00000000e+00  0.00000000e+00  1.00000000e+00]]\n",
      "Non-identity transformation from frame 62 to 63: \n",
      "[[ 9.99972813e-01 -3.15288161e-03  6.66572665e-03 -2.23486104e+01]\n",
      " [ 3.13675319e-03  9.99992131e-01  2.42867568e-03 -1.78931865e+01]\n",
      " [-6.67333152e-03 -2.40770092e-03  9.99974834e-01  3.84839588e+00]\n",
      " [ 0.00000000e+00  0.00000000e+00  0.00000000e+00  1.00000000e+00]]\n",
      "Non-identity transformation from frame 63 to 64: \n",
      "[[ 9.99990871e-01  4.48628866e-04  4.24931546e-03 -1.42601125e+01]\n",
      " [-4.56726792e-04  9.99998081e-01  1.90492275e-03 -1.62178969e+01]\n",
      " [-4.24845270e-03 -1.90684613e-03  9.99989157e-01  1.14781879e+00]\n",
      " [ 0.00000000e+00  0.00000000e+00  0.00000000e+00  1.00000000e+00]]\n",
      "Non-identity transformation from frame 64 to 65: \n",
      "[[ 9.99993715e-01  3.45558794e-04  3.52853470e-03 -2.62156342e+01]\n",
      " [-3.41890974e-04  9.99999401e-01 -1.04002448e-03 -7.10493768e+00]\n",
      " [-3.52889198e-03  1.03881156e-03  9.99993234e-01 -1.96496269e+00]\n",
      " [ 0.00000000e+00  0.00000000e+00  0.00000000e+00  1.00000000e+00]]\n",
      "Non-identity transformation from frame 65 to 66: \n",
      "[[ 9.99977398e-01  4.22575657e-04  6.71004173e-03 -2.36468342e+01]\n",
      " [-4.17018465e-04  9.99999569e-01 -8.29567866e-04 -9.93224103e-01]\n",
      " [-6.71038939e-03  8.26750905e-04  9.99977143e-01 -8.60434822e+00]\n",
      " [ 0.00000000e+00  0.00000000e+00  0.00000000e+00  1.00000000e+00]]\n",
      "Non-identity transformation from frame 66 to 67: \n",
      "[[ 9.99993656e-01 -1.56655849e-05  3.56206682e-03 -2.07903894e+01]\n",
      " [ 2.77100433e-05  9.99994283e-01 -3.38128756e-03  4.00256840e+00]\n",
      " [-3.56199349e-03  3.38136481e-03  9.99987939e-01 -1.06836127e+01]\n",
      " [ 0.00000000e+00  0.00000000e+00  0.00000000e+00  1.00000000e+00]]\n",
      "Non-identity transformation from frame 67 to 68: \n",
      "[[ 9.99997873e-01 -2.27202684e-05  2.06224297e-03 -2.46727384e+01]\n",
      " [ 2.17101706e-05  9.99999880e-01  4.89826496e-04 -8.09190203e+00]\n",
      " [-2.06225385e-03 -4.89780682e-04  9.99997754e-01 -1.16033080e+01]\n",
      " [ 0.00000000e+00  0.00000000e+00  0.00000000e+00  1.00000000e+00]]\n",
      "Non-identity transformation from frame 68 to 69: \n",
      "[[ 9.99818352e-01 -1.60084648e-02  1.03436661e-02 -3.81031252e+01]\n",
      " [ 1.60844685e-02  9.99843937e-01 -7.30692228e-03  1.28287863e+01]\n",
      " [-1.02250792e-02  7.47196736e-03  9.99919806e-01 -2.18403735e+01]\n",
      " [ 0.00000000e+00  0.00000000e+00  0.00000000e+00  1.00000000e+00]]\n",
      "Non-identity transformation from frame 69 to 70: \n",
      "[[ 9.99954877e-01 -6.88956847e-03  6.54044643e-03 -1.94360808e+01]\n",
      " [ 6.91111188e-03  9.99970748e-01 -3.27700784e-03 -4.74810385e+00]\n",
      " [-6.51767794e-03  3.32206173e-03  9.99973242e-01 -8.29965053e+00]\n",
      " [ 0.00000000e+00  0.00000000e+00  0.00000000e+00  1.00000000e+00]]\n",
      "Non-identity transformation from frame 70 to 71: \n",
      "[[ 9.99930563e-01 -9.81069570e-03  6.52840867e-03 -1.29681055e+01]\n",
      " [ 9.78203267e-03  9.99942439e-01  4.40805010e-03 -2.46728826e+01]\n",
      " [-6.57127892e-03 -4.34388291e-03  9.99968974e-01  6.80644675e+00]\n",
      " [ 0.00000000e+00  0.00000000e+00  0.00000000e+00  1.00000000e+00]]\n",
      "Non-identity transformation from frame 71 to 72: \n",
      "[[ 9.99945501e-01 -9.76411755e-03  3.69563050e-03 -1.77387899e+01]\n",
      " [ 9.73317918e-03  9.99918193e-01  8.29900012e-03 -2.51484654e+01]\n",
      " [-3.77636059e-03 -8.26257759e-03  9.99958734e-01  1.31487553e+01]\n",
      " [ 0.00000000e+00  0.00000000e+00  0.00000000e+00  1.00000000e+00]]\n",
      "Non-identity transformation from frame 72 to 73: \n",
      "[[ 9.99992731e-01  6.07758106e-04 -3.76421771e-03 -1.40670506e+01]\n",
      " [-5.87908987e-04  9.99985930e-01  5.27196955e-03 -2.10218095e+01]\n",
      " [ 3.76736883e-03 -5.26971821e-03  9.99979018e-01  1.18788433e+01]\n",
      " [ 0.00000000e+00  0.00000000e+00  0.00000000e+00  1.00000000e+00]]\n",
      "Non-identity transformation from frame 73 to 74: \n",
      "[[ 9.99991805e-01  2.92327170e-03 -2.80086059e-03 -1.23713500e+01]\n",
      " [-2.91523427e-03  9.99991634e-01  2.86942440e-03 -2.00523099e+01]\n",
      " [ 2.80922526e-03 -2.86123572e-03  9.99991961e-01  7.62635053e+00]\n",
      " [ 0.00000000e+00  0.00000000e+00  0.00000000e+00  1.00000000e+00]]\n",
      "Non-identity transformation from frame 74 to 75: \n",
      "[[ 9.99852606e-01  1.71267731e-02  1.19994132e-03 -1.52546070e+01]\n",
      " [-1.71362629e-02  9.99817849e-01  8.40345841e-03 -1.68241322e+01]\n",
      " [-1.05579863e-03 -8.42278231e-03  9.99963970e-01  1.58963994e+01]\n",
      " [ 0.00000000e+00  0.00000000e+00  0.00000000e+00  1.00000000e+00]]\n",
      "Non-identity transformation from frame 75 to 76: \n",
      "[[ 9.99929016e-01  1.19115074e-02  2.81234278e-04 -1.40080234e+01]\n",
      " [-1.19128107e-02  9.99915481e-01  5.20728289e-03 -1.76331770e+01]\n",
      " [-2.19183920e-04 -5.21026355e-03  9.99986402e-01  9.27269738e+00]\n",
      " [ 0.00000000e+00  0.00000000e+00  0.00000000e+00  1.00000000e+00]]\n",
      "Non-identity transformation from frame 76 to 77: \n",
      "[[ 9.99955295e-01  6.59301145e-03 -6.77786734e-03 -1.05009084e+01]\n",
      " [-6.54315853e-03  9.99951572e-01  7.35130130e-03 -1.66300193e+01]\n",
      " [ 6.82600631e-03 -7.30662400e-03  9.99950008e-01  1.04229365e+01]\n",
      " [ 0.00000000e+00  0.00000000e+00  0.00000000e+00  1.00000000e+00]]\n",
      "Non-identity transformation from frame 77 to 78: \n",
      "[[ 9.99972043e-01  3.92923347e-03 -6.36201013e-03 -5.78149187e+00]\n",
      " [-3.88593382e-03  9.99969301e-01  6.80408648e-03 -1.43877740e+01]\n",
      " [ 6.38854967e-03 -6.77917391e-03  9.99956614e-01  5.41476807e+00]\n",
      " [ 0.00000000e+00  0.00000000e+00  0.00000000e+00  1.00000000e+00]]\n",
      "Non-identity transformation from frame 78 to 79: \n",
      "[[ 9.99997917e-01  1.99718898e-03  4.20029229e-04 -2.27037924e+00]\n",
      " [-1.99886678e-03  9.99989871e-01  4.03272614e-03 -1.31826605e+01]\n",
      " [-4.11970858e-04 -4.03355733e-03  9.99991780e-01  1.39334126e+00]\n",
      " [ 0.00000000e+00  0.00000000e+00  0.00000000e+00  1.00000000e+00]]\n",
      "Non-identity transformation from frame 79 to 80: \n",
      "[[ 9.99999854e-01  4.66943028e-04 -2.72188471e-04  2.88827465e+00]\n",
      " [-4.66447790e-04  9.99998241e-01  1.81670105e-03 -1.81987618e+01]\n",
      " [ 2.73036289e-04 -1.81657382e-03  9.99998313e-01  1.78625733e+00]\n",
      " [ 0.00000000e+00  0.00000000e+00  0.00000000e+00  1.00000000e+00]]\n"
     ]
    },
    {
     "name": "stdout",
     "output_type": "stream",
     "text": [
      "Non-identity transformation from frame 80 to 81: \n",
      "[[ 9.99994355e-01  3.30196240e-03  6.22220934e-04  7.29357494e-01]\n",
      " [-3.30366898e-03  9.99990729e-01  2.76195255e-03 -2.25361201e+01]\n",
      " [-6.13095302e-04 -2.76399257e-03  9.99995992e-01  2.55976841e+00]\n",
      " [ 0.00000000e+00  0.00000000e+00  0.00000000e+00  1.00000000e+00]]\n",
      "Non-identity transformation from frame 81 to 82: \n",
      "[[ 9.99995627e-01  2.95603695e-03 -9.16253540e-05 -2.35816177e-01]\n",
      " [-2.95592810e-03  9.99994951e-01  1.16620586e-03 -1.98464017e+01]\n",
      " [ 9.50722390e-05 -1.16592992e-03  9.99999316e-01  5.03451201e+00]\n",
      " [ 0.00000000e+00  0.00000000e+00  0.00000000e+00  1.00000000e+00]]\n",
      "Non-identity transformation from frame 82 to 83: \n",
      "[[ 9.99985363e-01  3.61349765e-03 -4.02688522e-03  4.62535849e+00]\n",
      " [-3.59722315e-03  9.99985363e-01  4.04140217e-03 -2.37713586e+01]\n",
      " [ 4.04142988e-03 -4.02685741e-03  9.99983725e-01  9.82937960e+00]\n",
      " [ 0.00000000e+00  0.00000000e+00  0.00000000e+00  1.00000000e+00]]\n",
      "Non-identity transformation from frame 83 to 84: \n",
      "[[ 9.99968984e-01  4.17219019e-03 -6.68004638e-03  1.47242797e+01]\n",
      " [-4.14629367e-03  9.99983854e-01  3.88586408e-03 -1.55334207e+01]\n",
      " [ 6.69615108e-03 -3.85804613e-03  9.99970138e-01  1.70004814e+01]\n",
      " [ 0.00000000e+00  0.00000000e+00  0.00000000e+00  1.00000000e+00]]\n",
      "Non-identity transformation from frame 84 to 85: \n",
      "[[ 9.99999196e-01 -3.30329610e-04 -1.22415177e-03  3.43270551e+00]\n",
      " [ 3.39632534e-04  9.99971008e-01  7.60708640e-03  1.67149312e+00]\n",
      " [ 1.22160343e-03 -7.60749604e-03  9.99970316e-01  1.32504213e+01]\n",
      " [ 0.00000000e+00  0.00000000e+00  0.00000000e+00  1.00000000e+00]]\n",
      "Non-identity transformation from frame 85 to 86: \n",
      "[[ 9.99996166e-01  2.61780881e-03 -9.03166738e-04  7.46253076e-01]\n",
      " [-2.60567390e-03  9.99909676e-01  1.31852235e-02 -2.61051759e+01]\n",
      " [ 9.37601554e-04 -1.31828195e-02  9.99912663e-01  2.46166832e+01]\n",
      " [ 0.00000000e+00  0.00000000e+00  0.00000000e+00  1.00000000e+00]]\n",
      "Non-identity transformation from frame 86 to 87: \n",
      "[[ 9.99940997e-01  4.97988015e-04  1.08514553e-02 -2.44424336e+01]\n",
      " [-6.22214382e-04  9.99934281e-01  1.14475320e-02 -2.02177973e+01]\n",
      " [-1.08450414e-02 -1.14536085e-02  9.99875592e-01  3.47020236e+01]\n",
      " [ 0.00000000e+00  0.00000000e+00  0.00000000e+00  1.00000000e+00]]\n",
      "Non-identity transformation from frame 87 to 88: \n",
      "[[ 9.99984118e-01 -5.46479803e-03  1.37842502e-03 -8.69548338e+00]\n",
      " [ 5.45872744e-03  9.99975552e-01  4.36997983e-03 -8.87172596e+00]\n",
      " [-1.40227238e-03 -4.36238598e-03  9.99989502e-01  1.22791621e+01]\n",
      " [ 0.00000000e+00  0.00000000e+00  0.00000000e+00  1.00000000e+00]]\n",
      "Non-identity transformation from frame 88 to 89: \n",
      "[[ 9.99996499e-01 -2.64432398e-03 -9.79478208e-05 -8.31541086e-01]\n",
      " [ 2.64450659e-03  9.99994672e-01  1.91374775e-03 -1.38307430e+01]\n",
      " [ 9.28867298e-05 -1.91400008e-03  9.99998164e-01  6.05972854e+00]\n",
      " [ 0.00000000e+00  0.00000000e+00  0.00000000e+00  1.00000000e+00]]\n",
      "Non-identity transformation from frame 89 to 90: \n",
      "[[ 9.99999589e-01 -8.67336602e-04 -2.63538909e-04 -1.15921287e+00]\n",
      " [ 8.67447776e-04  9.99999535e-01  4.22029518e-04 -1.65233908e+01]\n",
      " [ 2.63172745e-04 -4.22257951e-04  9.99999876e-01  4.60083488e+00]\n",
      " [ 0.00000000e+00  0.00000000e+00  0.00000000e+00  1.00000000e+00]]\n",
      "Non-identity transformation from frame 90 to 91: \n",
      "[[ 9.99998747e-01 -1.08042717e-03 -1.15692942e-03  7.97890074e-01]\n",
      " [ 1.08150407e-03  9.99998982e-01  9.30604028e-04 -1.81587492e+01]\n",
      " [ 1.15592279e-03 -9.31854086e-04  9.99998898e-01  5.55619726e+00]\n",
      " [ 0.00000000e+00  0.00000000e+00  0.00000000e+00  1.00000000e+00]]\n",
      "Non-identity transformation from frame 91 to 92: \n",
      "[[ 9.99999117e-01 -4.97576209e-04  1.23241404e-03 -1.40952098e+00]\n",
      " [ 4.93079871e-04  9.99993232e-01  3.64601933e-03 -2.02830263e+01]\n",
      " [-1.23421987e-03 -3.64540843e-03  9.99992594e-01  6.82525981e+00]\n",
      " [ 0.00000000e+00  0.00000000e+00  0.00000000e+00  1.00000000e+00]]\n",
      "Non-identity transformation from frame 92 to 93: \n",
      "[[ 9.99997194e-01  1.91372561e-03 -1.39602258e-03  2.99020215e+00]\n",
      " [-1.90220501e-03  9.99964508e-01  8.20761344e-03 -2.95354843e+01]\n",
      " [ 1.41168015e-03 -8.20493489e-03  9.99965343e-01  2.13411381e+01]\n",
      " [ 0.00000000e+00  0.00000000e+00  0.00000000e+00  1.00000000e+00]]\n",
      "Non-identity transformation from frame 93 to 94: \n",
      "[[ 9.99988796e-01 -2.68931213e-03  3.89550313e-03 -1.31472460e+01]\n",
      " [ 2.65574978e-03  9.99959533e-01  8.59536557e-03 -1.41021915e+01]\n",
      " [-3.91846111e-03 -8.58492379e-03  9.99955471e-01  2.72490109e+01]\n",
      " [ 0.00000000e+00  0.00000000e+00  0.00000000e+00  1.00000000e+00]]\n",
      "Non-identity transformation from frame 94 to 95: \n",
      "[[ 9.99993745e-01 -6.39868085e-04  3.47859969e-03 -1.31428048e+01]\n",
      " [ 6.31067495e-04  9.99996599e-01  2.53043235e-03  4.89906752e+00]\n",
      " [-3.48020700e-03 -2.52822130e-03  9.99990748e-01  5.96571446e+00]\n",
      " [ 0.00000000e+00  0.00000000e+00  0.00000000e+00  1.00000000e+00]]\n",
      "Non-identity transformation from frame 95 to 96: \n",
      "[[ 9.99998016e-01  4.32282730e-04  1.94437082e-03 -5.21745118e+00]\n",
      " [-4.38481710e-04  9.99994819e-01  3.18887213e-03  5.51026974e+00]\n",
      " [-1.94298225e-03 -3.18971838e-03  9.99993025e-01  2.67339816e+00]\n",
      " [ 0.00000000e+00  0.00000000e+00  0.00000000e+00  1.00000000e+00]]\n",
      "Non-identity transformation from frame 96 to 97: \n",
      "[[ 9.99995249e-01 -2.89189855e-03  1.06709343e-03 -1.89763024e+00]\n",
      " [ 2.88584537e-03  9.99979981e-01  5.63118030e-03  4.23449750e+00]\n",
      " [-1.08335687e-03 -5.62807408e-03  9.99983575e-01  3.83185656e+00]\n",
      " [ 0.00000000e+00  0.00000000e+00  0.00000000e+00  1.00000000e+00]]\n",
      "Non-identity transformation from frame 97 to 98: \n",
      "[[ 9.99999450e-01  3.80418282e-04 -9.77554998e-04  9.55214315e+00]\n",
      " [-3.76848207e-04  9.99993269e-01  3.64963790e-03  2.43371889e+00]\n",
      " [ 9.78936807e-04 -3.64926750e-03  9.99992862e-01  6.05689189e+00]\n",
      " [ 0.00000000e+00  0.00000000e+00  0.00000000e+00  1.00000000e+00]]\n",
      "Non-identity transformation from frame 98 to 99: \n",
